url=Oslo/ZZZ/XXX/YYY.png
minzoom=12
maxzoom=15
center=10.754249 59.903428
type=google
